//vidu 1
8
0 7
0 0 1 1 0 0 0 0
0 0 0 1 0 1 0 0
1 0 0 0 0 0 1 0
1 1 0 0 1 0 0 1
0 0 0 1 0 0 1 1
0 1 0 0 0 0 0 1
0 0 1 0 1 0 0 0
0 0 0 1 1 1 0 0
//
8
0 7
0 0 1 0 0 0 0 0
1 0 0 0 0 0 0 0
0 1 0 1 0 0 0 0
0 0 0 0 1 1 1 0
0 0 0 0 0 1 0 0
0 0 0 0 0 0 0 0
0 0 0 0 0 0 0 0
1 0 0 0 0 0 1 0
//3
8
2 7
0 0 1 1 0 0 1 0
0 0 0 0 0 1 0 1
1 0 0 0 0 0 0 0
1 0 0 0 0 0 0 1
0 0 0 0 0 1 0 0
1 1 0 0 1 0 1 0
1 0 0 0 0 1 0 0
0 1 0 1 0 0 0 0
//4
8
2 3
0 0 1 0 0 1 1 0
0 0 0 0 0 1 0 0
1 0 0 0 0 0 0 0
0 0 0 0 0 0 0 1
0 0 0 0 0 0 1 0
1 1 0 0 1 0 1 0
1 0 0 0 0 1 0 0
0 0 0 1 0 0 0 0